1.17751682288314595257315380203721561333427369960333778818650e-1                
-9.45369675705289457480517433657318778538744095218526873247105e-2               
2.33784464087817361103895155674727871911402411991441186084467e-1                
-1.90748574510999742682824006892875717698550445391196080099652e-1               
3.48118556025432525357313992558072045090473173100544714046733e-1                
-2.90727818837921590872516106172187567146795128828430426251636e-1               
4.62614884685742337330310441281962455970457810455666125541880e-1                
-3.95515154291865579610467879962945026142231492376046286069052e-1               
5.78998743993758670982953767526449175624063661357619189711965e-1                
-5.04610569559154000140848783568594912876258550955808296449805e-1               
6.98006719987014074684497189985648371708730106627166796134203e-1                
-6.17323831217915728612997986949013472460493622902213263951384e-1               
8.19978385852341998554166889712165349135592540133828754953505e-1                
-7.33535801468783752198807271475976693260039762117600277258705e-1               
9.45378006953080846520887169817875116423994091417910169434018e-1                
-8.53667842414630113941836970445171250000685531106768253711518e-1               
1.07500511680765190271857260704480991151778776981862817182876e0                 
-9.78554756482132153321698410141066267073538558839844319031212e-1               
1.21012476715843127208613681412941406534941958528341783469761e0                 
-1.10946173455153529693848279064500581446513510098020118007440e0                
1.35270742389884029814515546225157811138025785194955559500962e0                 
-1.24831560939103665527211774568004286637247866912893975250733e0                
1.50603328155481253276183603087401641149889268281052252704141e0                 
-1.39833074269294314061787144040227960091034276838217304837136e0                
1.67644206670207089907796162593878032083522916228813943415010e0                 
-1.56577261751683951340764729998146714199515059885285209605764e0                
1.88052676714216496223338246249391304783370711045677657559032e0                 
-1.76712777882854274027684536699579196070436541032275612456398e0                
