1.44826019419480289957021376522825244562826493e-1                
-1.13747945469050222230006065642245444856227327e-1               
2.86687236704352657769468565045169674426721145e-1                
-2.31567641416329941808277208005182228327533214e-1               
4.27309456122238271515408753963559774481126369e-1                
-3.57575463753132350181777485529848067656166989e-1               
5.71112102599217050219966383250285992009919545e-1                
-4.92485025150410867992273788803495479675085391e-1               
7.20821572868991606246527649351016922771089244e-1                
-6.35372300331995279366001201763330346296263266e-1               
8.78240286351683706751572557565974317613265493e-1                
-7.86885665590305567379324563765058040941295519e-1               
1.04640739965038780256585531781695720191930360e0                 
-9.50032490946143577152370311533041506227772813e-1               
1.23186440153091683844642231033992871304785828e0                 
-1.13145718109836797073242292484314737684584481e0                
1.45220567526497088525038505490175956003482362e0                 
-1.34875044699086897182067958398823970980919589e0                
