1.62348361431865133727698179550551794733171040e-1                
-1.26217081962376309337307213117240331625879850e-1               
3.20924618108893828611912125042156198781478231e-1                
-2.59005024444822813352237417395619342736865522e-1               
4.79691959178160846035249129818263268297658802e-1                
-4.04122958732096661846959583868846026632400280e-1               
6.45409190776189896679717930091817988814435602e-1                
-5.62086975002950348792997602737178859765792596e-1               
8.22529965458605749676616114576634202851075658e-1                
-7.33310701026297028650302238238066355149771561e-1               
1.01730138672018346097882016035374321188569838e0                 
-9.23401220633551830795510650710588321424390890e-1               
1.24743457280366326341839795594559540676242238e0                 
-1.15037909344453407540182613415387000499740850e0                
