1.31946079423665668772985837706750385933307472523160043797216e-1                
-1.04621837951152095081835385102639415709562327882025360330924e-1               
2.61539807396182282873862986677248267579005452247563127932314e-1                
-2.11982937112851615612747526181990595994434377109646950279545e-1               
3.89473564933498781472551544809128158343751542543325302047141e-1                
-3.25159725736041387594467893790653504183154994097771260891734e-1               
5.18820817083890526506666068807277045703556475867099774032140e-1                
-4.45087907419749254171414965118470928190872000977253953871388e-1               
6.51761202973946958401587700505058755893015729343890591836519e-1                
-5.70879656872027452947090135567916030201139937615323952862892e-1               
7.89268981248605942760952862112279369633770215203812020777140e-1                
-7.02135509529604508383064019667173798610632150168078171066658e-1               
9.32347208582260553970420494533322734681113782481093139202438e-1                
-8.39616424723060500881933685359166864323177052460322984902087e-1               
1.08280551143041088850346445755545512911182054653642692863842e0                 
-9.85186957797898834199541704559439575824051804738014822429206e-1               
1.24395485401831370988088987818319726025380041642240386852681e0                 
-1.14218041458468346480774292171829137306430986276179556815562e0                
1.42235094609241216352203932354900070236991468662654623403922e0                 
-1.31709501268497571356524702557010826171639572927261721462368e0                
1.63516189539919420175855055450498861549826015028204524598415e0                 
-1.52699300873109853914174097336352607636719577432854672217514e0                
