1.73855617422642604886147426361668768687277677e-1                
-1.34496081504998058195316588382101375779950359e-1               
3.43489296730457734959954018637266283224248603e-1                
-2.77717849799711374445007650514992662376663029e-1               
5.14990921061387165414341925056703135547700191e-1                
-4.36696408601940659233546182997521295975969986e-1               
6.97245168193702907811867325092865454123919762e-1                
-6.12275752272876920947520189454424661591461032e-1               
8.97726290306531637463431436900377060702926649e-1                
-8.07942242834835699625698781403196213877959949e-1               
1.13401449881265511294193914597489794793503802e0                 
-1.04117106615017469483695785730093305323983565e0                
