1.52845417613666702426107349812142587337260532e-1                
-1.19440685603870510384636799250401420888019688e-1               
3.02346225128945757427401568039322961761236159e-1                
-2.43989695504400621268767240222081144537452107e-1               
4.51119584531782942888491278108151461113516900e-1                
-3.78479770209444563858888615972487856714960256e-1               
6.04563710297226464637768278720043832344331257e-1                
-5.23486888629095259770920784723255537271869193e-1               
7.65965706759629396959310797662429412479407843e-1                
-6.78405572413543444272589778997307340111285453e-1               
9.38371150977889047740340639464169086157314716e-1                
-8.45332361280975174880070157291462147544557116e-1               
1.12814883784528840255843906755763378398057859e0                 
-1.03073794756815768568501682686840479787951469e0                
1.35303055865466816253301410868658471600031435e0                 
-1.25250327810813230716426984194455010057036730e0                
