1.21966835400636207321861922300674525375796631166359587070894e-1                
-9.75383920589141457403098380043817919502275618348079942144009e-2               
2.42033874746245098144226504921413202094989524807215419921366e-1                
-1.97028192007615980018442837012205741322408737823508307302644e-1               
3.60376825543361369802657414549900067157583351599301249402689e-1                
-3.00835495577344691021818766099162491609510443726310224587901e-1               
4.79187475675402235800648584123862115457114157289607168257466e-1                
-4.09990200559829051782491835983953372414448518637629944958087e-1               
6.00324102640486820456793346599059308355038854547430048027977e-1                
-5.23860588512532459209447404355653246204316378321885097310405e-1               
7.24557849376907261895784620317445765361198294468792836689596e-1                
-6.41783627731961421541447155808112998191571330582484161851594e-1               
8.52340585060368506410844149943245260690300445112894334386239e-1                
-7.63812640420606107025145892850960608166354921504954014323045e-1               
9.84375734943685035720778255391888573526306141869706989814581e-1                
-8.90642122854914536365519335846070311470768776008860394750317e-1               
1.12187070873107767331094672543158213068256310627050139307094e0                 
-1.02351671477156619670654702176024128375413534009447179076142e0                
1.26679060818458021449260210590121645986307995479216025707270e0                 
-1.16438715006465348783234753434485546215350153971705811687514e0                
1.42244964463730294321186882342021297454622182527305684138487e0                 
-1.31650720026713902105937219666830941713177855013843429939798e0                
1.59525993204409077683767838808744039777730424526459459878880e0                 
-1.48620778863493027556708981935009492744737079208663706467374e0                
1.80198946355650867601421690620293115587351001678619384428439e0                 
-1.69014827475129261350419081376948246543263488635143157584945e0                
