1.26665070304782991713285888795377383684284267417099241670849e-1                
-1.00876363586151515585245664432020162939198531870524567687487e-1               
2.51220993902872002195695691421240008249935837218067517409311e-1                
-2.04050744093495819110040510311800164080552894961914531510918e-1               
3.74059119727849720546368683584181331165656728747001068423133e-1                
-3.12212811540872428421375134430545627227271559433336819330289e-1               
4.97769298175348810456359557010989870106507668609365716793447e-1                
-4.26359600603018336790560583401410531044088245285458036745140e-1               
6.24357781407139977000026730390440244333352737282186769642254e-1                
-5.45724955127994031885848153983181727781835676285976663762519e-1               
7.54663908670133887207490451616419553925159430458542293694112e-1                
-6.69729358386598775289435072095406564620534553472710150892616e-1               
8.89337013151737013503615817966757361158048137637620304692405e-1                
-7.98695515909185005500239087815136717034688572159876788169757e-1               
1.02947832738015104394795537702100409856290009035975359349456e0                 
-9.33748971034226879091998885776685465820738006443215896768625e-1               
1.17700666949730216301023441132388217178245005263337924387566e0                 
-1.07684193858043548080679607396026917847047744655997401384740e0                
1.33525480422098724064095160659601445540885440760049696182153e0                 
-1.23127339545247342505983081362198867103334536488264678484788e0                
1.51071045858258192077553791057341813167405179565272616890550e0                 
-1.40345091272949325437536665778860904056259367596916811948270e0                
1.72033314454678436509164855529537255060481074153210467794588e0                 
-1.61022353225906768661496722514114221880087424777638670515400e0                
