1.88185218070222042167656998059437197222113756e-1                
-1.44975574539587506835744004069989128742540804e-1               
3.71770500668454374909411256434286700384686309e-1                
-3.02041616027077571198993995740004431987766611e-1               
5.60456775344363998444172432751945019266867814e-1                
-4.80193844133482603973373774022807991271423937e-1               
7.67268958641460092007263334395679154414575588e-1                
-6.82190591020979603050242373630739490435299042e-1               
1.01078398356468532856931645747645318885952762e0                 
-9.23173462346186351217800995310159595595304501e-1               
