1.37940931330905450827167586821701202821328034361267359723916e-1                
-1.08869279792486922039127175296212154139033372101993232493123e-1               
2.73246355033575786158497043065662100267599381315449778885818e-1                
-2.21050373725950883102985690477094783496586786200966339725402e-1               
4.07033405305653829972276795994920814553548601316587935524607e-1                
-3.40086997924763528252001262753233570131355626941958053162856e-1               
5.42971384123701380065383346434892888939832893477100186956529e-1                
-4.66820011835547252502474428042063791758510486943895188184891e-1               
6.83462008288484919927361961338017912463906110132974221373855e-1                
-6.00285434027581317534129348195046312833140724108233883623988e-1               
8.29749368195748374165930668184612812049344168353738821432452e-1                
-7.40437794078422747365915903432518655526424524667260225212836e-1               
9.83501878406235544640427324514705786156856494371971913698737e-1                
-8.88801273177945362277835970490380368766001059009443893530709e-1               
1.14793328214543294753839427948101090198448988305637516247304e0                 
-1.04867047313904966179453273216959886825618392127579245031788e0                
1.32963319004452777884840234444205321596985086281036274831694e0                 
-1.22663973024943841118274277866973603853437165341625815140846e0                
1.54598917549779775947869100507212738022611441770009460240236e0                 
-1.44001703882955619528650973309567145872681057424671673899532e0                
