1.82919841135780972744594547702731483033686806e-1                
2.28818826877124183059653880202151987144140104e-2                
1.53533569344741768275533985053389263297690748e-1                
3.79734444713328230618525794495285290651710777e-2                
8.20942056752513418342560265797200023828261904e-2                
5.04344840067736914153908743227725507939245761e-2                
2.38304799492451596587171141054024224649898213e-2                
3.23570068482541519252841628748856659490109283e-2                
3.04817316804411144319660282928590158660651797e-3                
1.13920991917410098786098307529610447884449563e-2                
-2.25677390092621431497227145853737502218331547e-4               
2.48893346286474699454641125098168400936840490e-3                
-1.59592699343733033597285514542466806471083290e-4               
3.35073455798785842091300328163134976552552297e-4                
-2.59283317529788664442067422225527980585560709e-5               
2.40534124688453597449068419660572296495256937e-5                
-1.72676042361485411244357503213322095427188728e-6               
5.79566586279665958968566568046929418352637820e-7                
-3.29305893252957200481878217938075084143977388e-8               
-6.34383895110988785741333952877141105593561991e-9               
