1.92601963302910319906335276104970654751989221e-1                
2.47298696579565184229958885276195755238002246e-2                
1.58295432732109410450270945150856852976009732e-1                
4.14911356920460050210520290877933413616624423e-2                
7.82672829358730511086208046592056479442723878e-2                
5.21551866762398965325464457346204274166074152e-2                
1.94059504924749054062132646199636398730831971e-2                
2.97728659877763337861008575805592358520423642e-2                
1.69118477190275503696679639495535788959644345e-3                
8.93893354899920680019699010810152442082736688e-3                
-2.99477798668616831973176855312127485219335062e-4               
1.56754198183022448730104995243912641202805110e-3                
-9.83720259254259021098083990117417623819872243e-5               
1.50210805735279274207077241717197183166768581e-4                
-9.34698928641568899874063050299472875977404480e-6               
5.79385220995584543202851234609030862479338878e-6                
-2.45157730429923598301504016031741544295036888e-7               
6.13478489875145695352491778955251225365992214e-9                
