2.58152830858198301971720068833805157306866187e-1                
3.71767937914237474423056041080121299269953213e-2                
1.78316676070588179433253407339472995089651782e-1                
6.54390442724844696273613673121864254081372007e-2                
4.48777434992526507902595184955320605857466842e-2                
5.09602346420974495943962807532430763920901614e-2                
1.60170193090340612398637840288218002059188094e-3                
1.08803859355506321386338785033506194435979543e-2                
-3.17197330605533734326814692123577073176347483e-4               
5.79349327519814656443894123188174210784108003e-4                
