1.67365818044025234373975011686506361683004798834746713767673e-1                
1.99594406212960265210177085898065118129983818333400036788746e-2                
1.44931186175674373347359140407236801360261135362635992756421e-1                
3.24510488158978122083554733546074826795167370325373186468222e-2                
8.69917428512318730571308556743695803186512973570579951091929e-2                
4.66147820035372138176382421024027845319261059362586799525944e-2                
3.17194096475496182183038124708065872671250619551183881223416e-2                
3.56714933958308375342660096820113284252552979072363412002162e-2                
6.31933135012735416592084700724785714509763175486311198749564e-3                
1.59071700509937595238398600954592996422524875069170105845535e-2                
2.62397818672121893589352381138732346558871284079440197459728e-4                
4.70880742402788122642156407437575655312515840102793236843809e-3                
-2.52669318995758620480250600888069572098064168516226105323800e-4               
9.68882128481251816227705764276079645432346573543101479091026e-4                
-8.57861472398209307199964279927356447827557571320778016397257e-5               
1.33424642973758050169255767872968923729093482992475186740764e-4                
-1.38873897025212199342990462798449915140181095647138713141865e-5               
1.09090465613161293956791958929904534189891274757002332785918e-5                
-1.19567343257344750797164685383861670256743612780409536705077e-6               
3.76602629609541119459316436082113203112467971400299286659699e-7                
-4.72258103911187080764604471640734368474760975648803544002152e-8               
-4.67131218163737529617144540708322267652508436836871724817815e-9               
-5.16844236955815803346256287852325052123197042477580631168328e-10              
-3.43476801442229266338560575075431526819972899939319891194914e-10              
