1.50190109259385369865882382150476260450192050972649301918424e-1                
1.68299454958752064698907697442439175677076374098660935670283e-2                
1.34116000907322364149751293644433381530156181714295501032625e-1                
2.66247932133116157526941252815296240644514833768512279751030e-2                
9.01530245043390819159165174687316596527030641909583899264754e-2                
4.10455663752910827192102505382844439702024701825457664646580e-2                
4.10342736390140573600620334986435715483932687011301812021481e-2                
3.75270236568091356166477569092747676418088146989944874072173e-2                
1.18248376582371802021312664132181893632712768381629512328206e-2                
2.12735384965512527125778078549994598613602978673362791602000e-2                
1.78179111436705877441018566269876323329721626268566995412392e-3                
8.40602407764412615600416414007508998780682449196186217764270e-3                
-1.72571176658123225271417878217199523007732274152492468618093e-4               
2.49051770943384311036457912451842284138175340836704773595007e-3                
-1.98409310181093017689138785523163549976305227712558899442323e-4               
5.60204698458237412739543769285170656639090733592192304005491e-4                
-6.55114747896787203384893749839964369794500917556372110693644e-5               
9.27628956082401507508733933088317537448362429181646709911419e-5                
-1.32088151194098357384473522438470763202584316162130625875723e-5               
1.05130958511119218344797531448111661039829627951998988876387e-5                
-1.73949947289659903917807229568488572460951010500209921937503e-6               
6.85661823369726864957821988723688569720792543706377991198247e-7                
-1.44614288576510008699275440496613874931756753528765461362323e-7               
8.84180710651083095993943834986931444989141722683592207322940e-9                
-6.82454110461255760359881554144027674076149281517532521767306e-9               
-1.95114905362787796471413422800234781977925062619243921897662e-9               
-1.43974175810041726142702183432907810453954167609142964711713e-10              
-1.11272814001599168089591908159572738839286219018496808015594e-10              
-6.73653948588054588980733767527353663963333512685060328605747e-13              
-1.37858878214317067234265045169682495062793601760495228102773e-12              
