2.04083965746164308373574941751523518190249333e-1                
2.69378402935462934533515059783039233212563469e-2                
1.63341508046577776729554743188210124787404545e-1                
4.57103274966327353347307976151922872016442914e-2                
7.31299996559438937876538563243917272967213816e-2                
5.35216134005690873963852289364254592600974715e-2                
1.47462194363702638863878654217597256078071926e-2                
2.64068998107480538190549955045849593096242389e-2                
6.14209992991110023691379348732666482004052001e-4                
6.45796408175089505856416404825040716168317014e-3                
-2.73675704773822698314336998228349338492369562e-4               
8.33722043071944591304595432144981416505781123e-4                
-4.51259589304405654776471729892373218348720178e-5               
4.67138344990432226781022905913436334898872117e-5                
-1.72726927385412019715137804957883880638272172e-6               
4.49688514952463822858531725494173593832352445e-7                
