1.74607173715767498097929352080892313366125648813956205057014e-1                
2.13114709300928073061146701915794895587690569569711266295051e-2                
1.49080391555391059732935463977794854417296288435836854828438e-1                
3.49983607960115694813378907897160578140273639990199062075829e-2                
8.49246592109250821733600414826261719559417225931625389235958e-2                
4.85499176641600988650255609291657499020016654105758336471345e-2                
2.79449216255576830315017488010327330944931261531597918027815e-2                
3.42843946618130092539519252079104961001466886304340626759067e-2                
4.61209069906172582964627327170332151939232878212852669566700e-3                
1.37314264630742739102292504506597628471228662138195921145112e-2                
-3.89521292797358831886089396115761265594181682139244811097652e-5               
3.55088692425957994280626819252104768748616268756247137445112e-3                
-2.15157561192325064072936480140636530211871651720350901721007e-4               
6.08435602491880098914339185267977966505474056602269797400946e-4                
-5.19948845083490474345127494018629042200816117531771495079745e-5               
6.40683066456243179300019393014402621085196523046751112389148e-5                
-5.85600333164273107536684806198894522039182999264378917695871e-6               
3.35373336534197935298182319838633267604106603501070675144415e-6                
-2.94557875816011130678317627540689188217806077617978594692138e-7               
3.15427899073298136444927380793851183680222984060686238905597e-8                
-4.21955114603726560863969576571754273466366935470682893863654e-9               
-1.75214248921444081630337693971371054842484998100641393736978e-9               
