1.55296452616671332678810043003484877012207130479761674787591e-1                
1.77474529670222885463185578717530808538301433767301352762586e-2                
1.37471262221027028601504513384681404518451131305249598971670e-1                
2.83208967266622449499924225410062972314811607902607365722625e-2                
8.94901888824879036082183962977842980148240616659111026745362e-2                
4.28325245221379925957357758523343089464111066237049786811873e-2                
3.82488622932446043461785600948802994189171732792369477038829e-2                
3.72147206282218916980817645023614400082425214626155616911306e-2                
9.96350432246871907409563947305831047973919379175940556555472e-3                
1.96824756685719172960015394899448103782456330518684158576450e-2                
1.18319724448224020637155584502550081934193813397484003743016e-3                
7.16489361729921411510190895127608906503571282229475579186080e-3                
-2.37093194434081247878159927566876266522082940440009985626690e-4               
1.92045807966781041515341791844754371739019716883925824549621e-3                
-1.62943612706612496546752843291874326600257740557765791909545e-4               
3.79444983355303316879909663670604755201830335896584107242542e-4                
-4.39237278251871090130915274559052198420008801835142620342735e-5               
5.26792018817196052185759742878521592009921191041049803738053e-5                
-7.13527345979637514405037823807940241297513274909280220292126e-6               
4.60920091556569787536246958814431045676411493849130997025172e-6                
-7.13461373743674723257252902923013492366260071990041266254535e-7               
1.84605514531463584853389019635707988483939680307761758752301e-7                
-4.03606904002170477977528039061870387826821832718896213540141e-8               
-3.75986568534872074051413788730938437123476988584834088816864e-9               
-1.04164153493826806410015131735411463954565366573887665581528e-9               
-5.41920608360309124319982856229082198565089554911557916041599e-10              
-6.64148737690544291748157008735338976626589622641011069506955e-12              
-9.22638516772305781537835506241743921221377053022883091673810e-12              
