2.35438317348294150141328970380442420443014209e-1                
3.29553769890336220924080381322410585392666877e-2                
1.73774705431160060609537583284481688054788997e-1                
5.72628424063753362877904259899779533020427497e-2                
5.70848315171298171722549417233174261403580121e-2                
5.36782616339284359641481991678272033515063302e-2                
5.45526001723927809009836166147671392068307177e-3                
1.69289383642667407082844597250642327755171050e-2                
-4.13894338052436718224799797281569844463990436e-4               
2.03435693514076684257876447433521397764494008e-3                
-6.65371433596898404395559510645767084630463299e-5               
6.46257463593246947051603693373187167759552561e-5                
