1.60981686927294329253465604220225419104184860407657569777755e-1                
1.87823072277176154607044212350895531442438938810033061556617e-2                
1.41068751854040469651056457127884597560741940137941473828609e-1                
3.02465842133145100446327863373405405333695847538254893446635e-2                
8.84697672442571878660409693362918415198968680268974274452168e-2                
4.46960624042180008692385694241609745186300120988304209048125e-2                
3.51503103721941863439362964924763775222138677526180424671093e-2                
3.66197739954210998843410055490889954907856063226635314007820e-2                
8.11723982415849475752820446507057948607525685491845341992548e-3                
1.78939741414190712284813334727467437819792226873765734758054e-2                
6.72931243480659997446839471001090048566849107896306867880637e-4                
5.92406929893300257148499876708815974498126183082283573663957e-3                
-2.62312855612766280160887925430587186301411286981951661475601e-4               
1.40952189832532584552807898212223337018979257407180214084439e-3                
-1.24071250215391014741913517413287311816428898461346641476671e-4               
2.37524498834962686368608234375620179741292305375837817990839e-4                
-2.65483279448158496015574565334483475763267589174457537838087e-5               
2.63187311599115470745428256223651187737142655649164783568400e-5                
-3.28726932330002218516792062592210785207298892496390046297768e-6               
1.60583114552664837555774293393550068041741209832518592767633e-6                
-2.26460701379239580503759110632552517734856196418487164270697e-7               
2.30109385236452501550096833543338843829653104733783680406102e-8                
-7.18438482974854526187200176813229217052589630054904814710128e-9               
-2.17226972533644575270298136976476617431490337486641054527226e-9               
-6.03258386410455856861488444502089708150937228596408460095558e-11              
-5.85674035801747810623084784839811327728189326944394511792618e-11              
