2.18015895908655900598020838291160169284710896e-1                
2.96231093958749358814147503523778156178971481e-2                
1.68581529322735764604333287381733095706712727e-1                
5.08568996067298438369613906506240893553920724e-2                
6.62584716209840114746294780709681235803556591e-2                
5.42124034896920209676485186330707479686884344e-2                
1.00025400031393386364401519246545746494660952e-2                
2.21443722380084299696729802893769789536116261e-2                
-1.06986614884153897972909748541219885077871662e-4               
4.08730942831618143181491258802149237776271454e-3                
-1.78781384109007032782750219915208851405287437e-4               
3.27869798029837098188794918852185781168176340e-4                
-1.13217672305794550447880809228637099668576673e-5               
6.21131921191169851816665001891698018483753256e-6                
